      0/29        0G    0.1158   0.02422         0    0.1401       482       640 0.0007919  0.006586 9.848e-06   1.6e-06    0.1595   0.03477         0
      1/29        0G    0.1103   0.02127         0    0.1316       563       640  0.002403   0.02001 6.323e-05 1.028e-05    0.1583   0.03592         0
      2/29        0G    0.1054   0.02244         0    0.1278       689       640  0.009198   0.03926 0.0006993 0.0001218    0.1611   0.03585         0
      3/29        0G   0.09944   0.02162         0    0.1211       494       640   0.02266   0.08435  0.003458 0.0006005      0.16   0.03718         0
      4/29        0G   0.09513    0.0229         0     0.118       450       640   0.06513   0.07928   0.01531  0.002654    0.1608   0.03747         0
      5/29        0G    0.0911   0.02171         0    0.1128       249       640   0.09441     0.136   0.02967  0.005374    0.1604   0.03863         0
      6/29        0G   0.08751   0.02262         0    0.1101       729       640    0.1795    0.1651   0.07008   0.01263    0.1613   0.03938         0
      7/29        0G   0.08494   0.02363         0    0.1086       547       640    0.2279    0.1983   0.09308   0.01793    0.1622   0.03961         0
      8/29        0G   0.08191   0.02444         0    0.1064       618       640    0.2446    0.1839   0.09348    0.0182    0.1547   0.04339         0
      9/29        0G    0.0799   0.02685         0    0.1068       820       640    0.2657    0.1897    0.1098   0.02203    0.1575   0.04467         0
     10/29        0G   0.07827   0.02504         0    0.1033       790       640    0.3007    0.2591    0.1549   0.03109    0.1549   0.04494         0
     11/29        0G   0.07476   0.02937         0    0.1041       796       640    0.3239    0.2414    0.1537   0.03239    0.1537   0.04547         0
     12/29        0G   0.07297   0.02782         0    0.1008       792       640    0.3281    0.2763    0.1734   0.03714    0.1563   0.04444         0
     13/29        0G   0.07142    0.0281         0   0.09952       548       640    0.4377    0.2809    0.2218   0.05191    0.1534   0.04824         0
     14/29        0G   0.06963   0.02804         0   0.09766       309       640     0.449    0.2908    0.2431   0.06014    0.1521   0.04742         0
     15/29        0G   0.06814   0.03136         0    0.0995       509       640    0.3485    0.2266    0.1445   0.03034    0.1468   0.04909         0
     16/29        0G    0.0669   0.02834         0   0.09524       393       640    0.4223    0.2829    0.2337   0.05915    0.1471   0.05076         0
     17/29        0G   0.06687   0.03182         0   0.09869       583       640    0.4842    0.2793    0.2515   0.06658    0.1419   0.05186         0
     18/29        0G   0.06581   0.03028         0   0.09608       356       640    0.4346    0.2771    0.2383   0.05759    0.1407   0.05251         0
     19/29        0G   0.06331   0.03261         0   0.09592       576       640    0.3946    0.2845    0.2216   0.05542    0.1394   0.05398         0
     20/29        0G   0.06406   0.02866         0   0.09272       660       640    0.4782    0.3191    0.2924   0.08439    0.1426     0.056         0
     21/29        0G   0.06336   0.03454         0    0.0979       671       640     0.492    0.3387    0.3124   0.09108    0.1428   0.05601         0
     22/29        0G   0.06118   0.03109         0   0.09228       656       640    0.5645    0.2979    0.2931   0.07736    0.1413   0.05605         0
     23/29        0G   0.06182   0.03437         0   0.09619       608       640    0.6018    0.3016    0.3169   0.09684    0.1412   0.05613         0
     24/29        0G   0.06126   0.03155         0   0.09281       632       640    0.5408    0.3156    0.3077   0.08585    0.1398   0.05676         0
     25/29        0G   0.06113   0.03831         0   0.09943       940       640    0.5883     0.325    0.3362    0.1068    0.1412   0.05664         0
     26/29        0G   0.06049   0.03206         0   0.09255       722       640    0.6134    0.3212    0.3387    0.1062    0.1436   0.05604         0
     27/29        0G   0.06038   0.03387         0   0.09425       646       640    0.6165    0.3014    0.3176   0.09572    0.1416   0.05646         0
     28/29        0G   0.06009   0.03312         0   0.09321       438       640    0.6091    0.3285    0.3499    0.1137    0.1404   0.05642         0
     29/29        0G   0.06032    0.0342         0   0.09452       425       640    0.5442     0.311    0.3067   0.08895    0.1402   0.05564         0
