      0/49        0G    0.1045   0.03079         0    0.1353       582       640  0.001687  0.006332 2.602e-05 5.675e-06     0.155   0.04993         0
      1/49        0G   0.09701    0.0333         0    0.1303       763       640   0.01363   0.03597  0.001026 0.0001725    0.1547   0.05939         0
      2/49        0G   0.08732   0.03637         0    0.1237       437       640    0.1348    0.1363   0.04156  0.007687    0.1509    0.0591         0
      3/49        0G   0.07848   0.03461         0    0.1131       522       640    0.3371    0.2492    0.1632   0.03371    0.1467   0.05911         0
      4/49        0G   0.07178   0.03698         0    0.1088       305       640    0.4235    0.3321    0.2552   0.05774    0.1507   0.05957         0
      5/49        0G   0.07298   0.03439         0    0.1074       699       640    0.1712    0.2297    0.0755   0.01426    0.1426   0.06021         0
      6/49        0G   0.07367   0.03746         0    0.1111       599       640    0.3723    0.2539    0.1755   0.03753    0.1431   0.06287         0
      7/49        0G   0.06876   0.03875         0    0.1075       489       640    0.4135    0.3521    0.2548   0.06589    0.1347   0.06677         0
      8/49        0G   0.06457    0.0397         0    0.1043       623       640    0.3862    0.3539    0.2375   0.06358    0.1447   0.06397         0
      9/49        0G   0.06365   0.03976         0    0.1034       551       640    0.5347    0.3784    0.3707    0.1072    0.1382   0.06677         0
     10/49        0G   0.06428   0.04317         0    0.1075       872       640    0.3987     0.266    0.2102   0.05453    0.1351    0.0728         0
     11/49        0G   0.06252   0.04344         0     0.106       963       640    0.5693    0.4075    0.3997    0.1185    0.1326   0.07061         0
     12/49        0G   0.05884   0.04053         0   0.09937       330       640     0.458     0.386    0.2995   0.06743    0.1308   0.07272         0
     13/49        0G   0.05946   0.04258         0     0.102      1094       640    0.5308    0.4063    0.3964    0.1183    0.1253    0.0775         0
     14/49        0G   0.05572   0.03936         0   0.09508       266       640     0.599    0.4559    0.4619    0.1397    0.1248    0.0771         0
     15/49        0G   0.05564    0.0411         0   0.09674       711       640    0.5721    0.4732    0.4574    0.1542    0.1245   0.07952         0
     16/49        0G   0.05502   0.04098         0     0.096       874       640    0.6231    0.4516    0.4728    0.1558    0.1259    0.0777         0
     17/49        0G   0.05572   0.04102         0   0.09674       577       640    0.4988     0.345    0.3107   0.06953    0.1275    0.0728         0
     18/49        0G   0.05762    0.0369         0   0.09452       394       640    0.6154    0.3625    0.3889     0.132     0.128   0.07467         0
     19/49        0G   0.05608   0.04336         0   0.09943       505       640    0.5366    0.4506    0.4301    0.1209    0.1245   0.07808         0
     20/49        0G   0.05491   0.03806         0   0.09296       651       640    0.6071    0.5005    0.4903    0.1427    0.1254   0.08271         0
     21/49        0G   0.05309   0.03886         0   0.09195       680       640    0.7235    0.4992    0.5545    0.2001    0.1229    0.0813         0
     22/49        0G   0.05135   0.03885         0    0.0902       462       640    0.7365    0.5268    0.5805    0.2016    0.1255   0.08069         0
     23/49        0G   0.05143   0.04063         0   0.09207       540       640    0.7076     0.519    0.5518    0.1803    0.1217   0.08169         0
     24/49        0G   0.04955   0.04519         0   0.09474       187       640     0.752    0.5707    0.6212    0.2326    0.1214   0.08099         0
     25/49        0G   0.05084   0.04411         0   0.09495       760       640    0.7505    0.5583    0.6157    0.2348    0.1184   0.08165         0
     26/49        0G   0.04777   0.04104         0   0.08881       494       640    0.7689    0.5698    0.6199    0.2253    0.1179   0.08536         0
     27/49        0G   0.04899     0.043         0   0.09199       385       640    0.7533    0.5724    0.6238    0.2292    0.1175    0.0821         0
     28/49        0G    0.0503   0.04121         0   0.09151       550       640    0.6837    0.5481    0.5728    0.1903    0.1196   0.08505         0
     29/49        0G   0.04982   0.04123         0   0.09106       427       640    0.7283    0.5575     0.601     0.218    0.1191   0.08016         0
     30/49        0G   0.04821   0.03906         0   0.08727       552       640    0.7318    0.5859    0.6374    0.2541     0.117   0.07886         0
     31/49        0G   0.04826    0.0401         0   0.08836       688       640    0.7578    0.6109    0.6477    0.2375    0.1172   0.08124         0
     32/49        0G   0.04514   0.04035         0   0.08549       408       640    0.7897    0.5965    0.6542    0.2444    0.1172   0.08032         0
     33/49        0G    0.0463   0.03922         0   0.08553       446       640    0.7512    0.6164    0.6496    0.2488    0.1175   0.08118         0
     34/49        0G   0.04579   0.04128         0   0.08707       432       640    0.7585    0.6023    0.6522    0.2517    0.1172   0.08199         0
     35/49        0G   0.04513   0.03871         0   0.08384       724       640    0.7901    0.6261    0.6806    0.2814    0.1158   0.08277         0
     36/49        0G   0.04491   0.04257         0   0.08748       407       640    0.7962    0.6168    0.6727    0.2785    0.1168   0.08438         0
     37/49        0G   0.04314   0.04123         0   0.08437       445       640    0.8034    0.5943    0.6558    0.2736    0.1164   0.08406         0
     38/49        0G   0.04446   0.03876         0   0.08322       580       640    0.7744    0.6251    0.6613    0.2558    0.1157    0.0836         0
     39/49        0G    0.0451   0.03996         0   0.08507       602       640    0.8174    0.6196    0.6819    0.2856    0.1148   0.08463         0
     40/49        0G   0.04307   0.03655         0   0.07962       356       640    0.8173    0.6089    0.6769    0.2799    0.1146   0.08558         0
     41/49        0G   0.04138    0.0426         0   0.08398       334       640    0.8202     0.613    0.6779    0.2857    0.1139   0.08528         0
     42/49        0G   0.04243   0.04228         0   0.08471       526       640    0.8024    0.6129    0.6707    0.2645    0.1139   0.08606         0
     43/49        0G   0.04137    0.0389         0   0.08027       782       640    0.7738    0.6194    0.6679    0.2664    0.1144   0.08593         0
     44/49        0G   0.04066   0.03345         0   0.07411       421       640     0.809    0.6403    0.6936     0.289    0.1126   0.08778         0
     45/49        0G   0.04232   0.04156         0   0.08388       341       640     0.808    0.6449    0.7036    0.2955    0.1127    0.0873         0
     46/49        0G   0.04109   0.04152         0   0.08261       612       640    0.8493    0.6117     0.692     0.289    0.1124   0.08859         0
     47/49        0G   0.04056   0.04025         0    0.0808       738       640     0.791    0.6398    0.6899    0.2876    0.1129   0.08832         0
     48/49        0G   0.04129   0.03926         0   0.08055       467       640    0.8423    0.6274    0.6997    0.2979    0.1126   0.08823         0
     49/49        0G   0.04125   0.03627         0   0.07753       688       640    0.8326    0.6396    0.7046    0.3047    0.1122   0.08793         0
